107.750000
181.000000
441.000000
13.200000
343.000000
140.333333
6.000000
26.600000
73.600000
2.000000
117.666667
104.250000
46.250000
84.750000
1.666667
173.000000
89.200000
190.000000
149.000000
85.500000
22.500000
13.000000
376.000000
123.000000
314.000000
3.500000
4.666667
120.500000
207.500000
100.000000
78.400000
130.500000
57.000000
70.600000
141.666667
96.600000
241.000000
155.666667
48.500000
40.500000
67.400000
193.500000
32.400000
12.750000
135.000000
464.000000
110.666667
10.500000
197.500000
88.400000
196.000000
47.000000
98.000000
84.250000
5.000000
83.750000
217.500000
97.500000
201.000000
252.000000
207.000000
98.000000
8.250000
114.666667
26.500000
41.333333
16.200000
138.000000
62.000000
12.800000
250.000000
482.000000
25.000000
47.000000
45.000000
66.666667
31.500000
102.000000
303.000000
10.500000
50.400000
72.500000
23.600000
60.200000
85.400000
139.000000
34.666667
234.000000
22.400000
123.000000
75.000000
101.000000
75.200000
242.000000
141.000000
59.666667
87.333333
98.500000
406.000000
41.000000
278.000000
463.000000
79.000000
222.000000
45.400000
388.000000
91.000000
56.750000
195.000000
57.000000
88.400000
254.000000
22.000000
26.000000
54.250000
165.000000
123.333333
22.200000
3.333333
72.750000
110.500000
6.600000
182.000000
213.000000
99.400000
234.500000
29.333333
67.500000
363.000000
98.250000
23.000000
95.750000
113.666667
16.000000
87.800000
70.333333
80.200000
92.000000
47.000000
76.000000
74.000000
20.333333
61.000000
101.666667
89.000000
472.000000
165.500000
86.600000
158.500000
81.000000
58.250000
434.000000
72.750000
119.333333
291.000000
108.666667
75.333333
156.666667
56.400000
67.333333
88.500000
207.000000
499.000000
36.333333
50.500000
11.500000
14.666667
135.333333
29.500000
143.000000
416.000000
4.600000
65.000000
139.500000
67.000000
87.000000
68.500000
71.666667
127.333333
14.000000
62.000000
226.000000
178.000000
201.500000
85.800000
111.250000
122.333333
73.250000
35.000000
160.333333
16.000000
71.333333
88.600000
11.500000
125.333333
98.600000
114.000000
269.000000
63.250000
229.000000
0.500000
247.000000
76.500000
88.200000
89.400000
146.333333
118.000000
197.500000
339.000000
162.666667
119.500000
42.500000
98.400000
35.000000
76.600000
71.800000
54.333333
34.200000
260.000000
100.333333
80.500000
79.000000
15.333333
86.000000
285.000000
65.250000
105.000000
36.000000
41.600000
289.000000
263.000000
185.000000
89.500000
47.333333
44.500000
229.000000
111.000000
354.000000
12.600000
409.000000
84.400000
111.500000
134.500000
146.000000
86.666667
31.500000
217.500000
8.200000
73.800000
74.333333
161.333333
35.250000
183.500000
62.000000
33.000000
90.200000
102.000000
75.400000
55.500000
57.250000
106.000000
112.750000
87.000000
13.500000
86.000000
77.400000
2.333333
100.750000
5.750000
486.000000
137.000000
142.000000
63.200000
397.000000
109.666667
48.400000
74.000000
116.333333
49.400000
188.500000
25.333333
119.250000
238.500000
482.000000
103.500000
288.000000
46.200000
99.800000
217.500000
66.400000
15.400000
66.750000
14.000000
239.000000
68.666667
149.000000
218.000000
3.500000
386.000000
164.000000
21.666667
37.000000
76.800000
178.500000
8.750000
81.000000
37.666667
188.000000
92.000000
54.500000
85.500000
169.500000
53.000000
78.500000
11.000000
139.000000
125.333333
66.000000
46.200000
88.800000
14.000000
88.800000
127.500000
341.000000
61.000000
5.500000
190.000000
100.500000
9.000000
219.500000
118.500000
125.500000
75.750000
147.000000
106.500000
124.500000
5.000000
122.750000
425.000000
97.250000
83.000000
147.000000
110.750000
88.000000
126.000000
34.666667
50.400000
23.800000
89.400000
46.000000
45.200000
69.250000
41.000000
105.000000
374.000000
216.000000
20.666667
17.000000
7.750000
55.333333
82.200000
231.500000
39.000000
152.000000
61.000000
109.000000
85.000000
59.400000
7.000000
25.500000
90.800000
101.000000
270.000000
216.000000
92.000000
199.000000
36.666667
10.250000
217.000000
47.666667
166.000000
78.200000
433.000000
49.500000
44.000000
38.500000
20.000000
157.000000
145.000000
31.600000
59.500000
74.400000
132.666667
233.000000
12.000000
117.500000
72.250000
91.000000
24.500000
3.000000
269.000000
165.000000
9.500000
92.000000
5.400000
27.000000
32.000000
395.000000
49.666667
172.000000
87.000000
49.500000
152.333333
116.500000
226.500000
80.000000
222.000000
88.250000
139.000000
80.400000
47.200000
44.000000
78.400000
104.000000
90.000000
9.800000
52.000000
136.000000
58.500000
132.000000
63.000000
98.000000
132.500000
163.333333
66.200000
133.500000
232.500000
147.500000
79.400000
88.750000
105.000000
234.500000
125.666667
35.000000
164.000000
263.000000
197.000000
5.000000
144.000000
59.800000
197.000000
133.333333
50.500000
75.750000
15.200000
12.600000
366.000000
65.600000
102.250000
85.000000
136.000000
46.000000
41.000000
76.000000
110.250000
80.333333
110.250000
194.000000
35.600000
37.600000
75.666667
168.000000
59.250000
51.400000
7.666667
117.250000
58.666667
402.000000
6.800000
468.000000
0.000000
31.000000
378.000000
86.000000
94.333333
212.500000
447.000000
331.000000
27.000000
332.000000
197.000000
162.000000
122.000000
395.000000
232.000000
43.000000
345.000000
3.750000
4.500000
100.000000